25
26
60
67
84
97
108
117
122
126
140
157
176
181
187
204
240
245
250
265
335
336
339
346
356
360
360
361
376
388
402
436
446
457
491
520
522
529
539
546
571
590
603
627
630
635
636
656
673
701
705
706
715
767
800
812
872
884
932
936
973
978
1018
1022
1036
1039
1118
1119
1136
1194
1196
1209
1256
1271
1282
1322
1325
1333
1334
1341
1345
1347
1348
1363
1391
1482
1487
1492
1516
1517
1534
1535
1557
1566
1572
1575
1606
1638
1646
1651
1663
1677
1709
1709
1731
1750
1751
1762
1771
1820
1871
1886
1897
1902
1926
1936
1988
1989
1990
1992
2046
2049
2063
2093
2107
2145
2161
2178
2210
2216
2218
2241
2249
2311
2325
2326
2347
2382
2396
2396
2418
2439
2451
2473
2478
2483
2513
2523
2575
2607
2607
2630
2634
2686
2686
2692
2771
2773
2789
2842
2846
2870
2913
2913
2928
2942
2971
2988
2990
2992
2994
3007
3014
3014
3021
3031
3033
3034
3041
3042
3049
3065
3065
3075
3084
3121
3151
3153
3171
3177
3182
3183
3184
3187
3193
3213
3257
3272
3278
3294
3295
3299
3309
3379
3391
3416
3422
3468
3504
3507
3573
3582
3584
3600
3614
3622
3639
3639
3657
3659
3667
3679
3685
3700
3730
3749
3756
3757
3789
3807
3813
3825
3840
3854
3895
3904
3918
3932
3937
3938
3974
3987
3987
3989
4003
4018
4026
4031
4047
4061
4076
4077
4082
4115
4115
4162
4172
4176
4179
4202
4211
4238
4243
4256
4270
4309
4331
4338
4362
4379
4385
4403
4406
4406
4463
4466
4480
4497
4500
4509
4531
4547
4556
4556
4560
4561
4574
4581
4624
4654
4666
4671
4699
4730
4732
4758
4795
4810
4821
4838
4868
4872
4874
4878
4878
4879
4893
4898
4906
4907
4933
4941
4950
4966
4975
5003
5005
5015
5024
5032
5075
5138
5166
5174
5180
5205
5245
5250
5262
5277
5297
5319
5330
5348
5360
5376
5379
5384
5395
5395
5411
5424
5441
5443
5445
5453
5456
5481
5513
5523
5530
5533
5538
5547
5549
5552
5566
5573
5582
5594
5600
5604
5654
5658
5676
5696
5699
5706
5727
5740
5757
5802
5805
5811
5818
5835
5881
5898
5908
5924
5936
5952
5961
5974
5984
6025
6035
6054
6068
6072
6128
6130
6138
6167
6176
6194
6196
6217
6217
6220
6225
6232
6235
6237
6239
6239
6243
6253
6253
6268
6278
6330
6332
6340
6347
6393
6400
6410
6411
6416
6433
6438
6450
6469
6470
6472
6479
6479
6490
6503
6509
6525
6557
6558
6562
6566
6567
6579
6591
6597
6601
6611
6614
6621
6629
6630
6643
6652
6665
6673
6676
6710
6717
6719
6738
6748
6766
6789
6818
6854
6856
6878
6893
6895
6907
6909
6930
6997
7001
7002
7008
7026
7037
7046
7059
7086
7111
7114
7120
7121
7131
7169
7177
7194
7195
7204
7205
7239
7282
7295
7296
7325
7327
7340
7348
7369
7382
7401
7431
7432
7436
7451
7474
7481
7493
7499
7517
7561
7571
7575
7577
7590
7613
7631
7635
7654
7661
7667
7668
7670
7685
7700
7705
7716
7717
7736
7745
7776
7783
7824
7832
7836
7844
7851
7869
7906
7907
7910
7942
7943
7946
7951
7953
7972
7990
8008
8026
8035
8035
8043
8075
8081
8100
8121
8131
8158
8162
8162
8176
8235
8272
8278
8284
8285
8285
8296
8337
8346
8356
8361
8372
8373
8377
8380
8380
8387
8388
8422
8424
8429
8441
8444
8473
8486
8501
8535
8537
8538
8552
8600
8630
8634
8634
8646
8660
8665
8670
8688
8691
8725
8746
8763
8779
8785
8799
8825
8841
8879
8892
8922
8956
8956
8959
8971
8973
8990
8991
8993
9019
9022
9053
9055
9083
9099
9104
9113
9122
9126
9163
9189
9215
9231
9249
9276
9284
9304
9306
9323
9336
9343
9349
9350
9364
9374
9375
9386
9389
9394
9445
9462
9465
9500
9512
9538
9563
9587
9615
9638
9641
9656
9666
9669
9692
9715
9723
9728
9734
9750
9779
9781
9786
9799
9852
9859
9873
9874
9876
9891
9893
9917
9955
9955
9982
9984
9998
10003
10010
10013
10066
10073
10105
10121
10125
10135
10149
10156
10157
10181
10215
10259
10263
10281
10283
10286
10321
10327
10329
10337
10352
10362
10369
10385
10392
10402
10416
10417
10447
10458
10502
10505
10571
10571
10591
10593
10598
10606
10609
10610
10625
10635
10635
10643
10644
10669
10751
10755
10757
10762
10780
10814
10843
10864
10883
10891
10905
10908
10968
10986
10990
10999
11031
11056
11065
11080
11104
11167
11192
11222
11227
11230
11231
11256
11257
11279
11281
11282
11329
11339
11359
11390
11395
11404
11409
11413
11434
11435
11448
11462
11463
11496
11499
11500
11506
11506
11524
11524
11527
11541
11560
11569
11577
11624
11637
11649
11662
11676
11683
11689
11694
11722
11736
11739
11741
11744
11751
11756
11761
11790
11798
11837
11863
11869
11899
11928
11958
11960
11998
12010
12020
12028
12044
12058
12094
12108
12126
12138
12138
12142
12167
12168
12170
12195
12199
12206
12211
12286
12325
12329
12338
12354
12361
12362
12413
12446
12455
12462
12465
12473
12493
12493
12501
12573
12591
12594
12649
12661
12669
12674
12677
12692
12696
12716
12745
12746
12748
12754
12783
12818
12820
12826
12852
12871
12891
12893
12897
12913
12917
12926
12927
12931
12955
12977
12992
12993
12996
12997
13001
13005
13027
13035
13061
13073
13080
13088
13129
13135
13169
13178
13186
13203
13216
13218
13236
13239
13247
13269
13300
13307
13314
13340
13374
13402
13408
13413
13415
13430
13441
13450
13453
13498
13525
13554
13564
13565
13579
13583
13624
13652
13659
13679
13682
13691
13703
13708
13710
13718
13725
13733
13743
13744
13803
13808
13814
13816
13818
13826
13827
13839
13842
13852
13874
13883
13894
13954
13957
13972
13975
14000
14030
14048
14078
14087
14087
14192
14199
14207
14215
14226
14234
14235
14236
14243
14281
14286
14308
14312
14351
14372
14391
14407
14438
14442
14486
14497
14501
14560
14562
14581
14584
14591
14606
14625
14632
14654
14724
14729
14736
14747
14755
14824
14828
14848
14882
14883
14906
14932
14939
14962
14965
14973
14977
15005
15024
15032
15140
15148
15158
15160
15176
15191
15195
15250
15255
15295
15331
15333
15348
15350
15363
15378
15389
15405
15426
15443
15480
15485
15513
15524
15524
15551
15563
15572
15579
15584
15585
15600
15600
15607
15615
15627
15644
15647
15656
15660
15667
15692
15695
15705
15717
15720
15738
15754
15761
15768
15770
15800
15805
15808
15814
15831
15832
15843
15845
15852
15859
15890
15893
15920
15921
15925
15939
15951
15961
15970
15973
15991
16004
16058
16067
16093
16096
16096
16105
16117
16125
16153
16157
16175
16194
16209
16211
16211
16214
16230
16259
16322
16346
16408
16422
16432
16443
16444
16452
16469
16490
16503
16504
16510
16515
16519
16531
16548
16582
16587
16611
16649
16660
16663
16679
16707
16710
16829
16841
16842
16848
16858
16860
16860
16884
16901
16918
16941
16960
16962
16967
16977
16988
16995
17057
17072
17073
17088
17096
17098
17125
17141
17142
17159
17171
17172
17179
17183
17183
17189
17217
17221
17249
17256
17277
17299
17307
17319
17326
17359
17388
17398
17416
17441
17451
17462
17471
17488
17495
17541
17546
17550
17551
17560
17561
17565
17590
17611
17617
17622
17622
17639
17653
17661
17680
17694
17736
17741
17752
17781
17790
17832
17884
17887
17913
17939
17979
17981
17985
17989
18000
18042
18052
18053
18053
18082
18090
18096
18109
18113
18122
18139
18142
18157
18167
18169
18178
18198
18203
18299
18324
18330
18350
18357
18358
18359
18373
18380
18381
18394
18400
18435
18461
18475
18487
18506
18543
18546
18562
18568
18584
18595
18600
18601
18621
18627
18631
18641
18641
18665
18685
18698
18705
18712
18713
18716
18752
18761
18774
18814
18820
18821
18829
18832
18860
18862
18869
18874
18895
18901
18905
18912
18913
18923
18925
18948
18960
18962
18992
19011
19021
19040
19056
19092
19092
19102
19111
19115
19135
19142
19163
19187
19221
19226
19259
19263
19266
19295
19295
19309
19312
19322
19342
19343
19346
19349
19353
19356
19374
19374
19375
19379
19382
19388
19390
19390
19444
19491
19580
19608
19621
19622
19664
19713
19734
19759
19760
19774
19800
19807
19812
19815
19818
19848
19861
19870
19878
19898
19910
19913
19924
19966
19983
19984
19997
20007
20034
20058
20061
20072
20073
20077
20080
20092
20103
20110
20123
20141
20181
20204
20206
20232
20236
20242
20261
20290
20309
20313
20314
20321
20331
20338
20345
20350
20359
20366
20386
20397
20401
20407
20412
20419
20436
20448
20489
20493
20494
20558
20567
20573
20575
20593
20593
20639
20646
20652
20658
20689
20690
20695
20706
20706
20707
20724
20752
20758
20773
20778
20790
20831
20844
20848
20850
20860
20895
20932
20940
20958
20967
20971
21042
21073
21083
21095
21103
21119
21121
21141
21171
21171
21174
21208
21235
21238
21240
21266
21271
21331
21424
21450
21452
21468
21472
21484
21487
21535
21561
21568
21572
21588
21618
21630
21638
21641
21642
21652
21655
21659
21675
21678
21719
21719
21730
21743
21764
21777
21778
21792
21794
21798
21800
21801
21858
21881
21889
21907
21913
21928
21932
21948
21951
21968
21992
21998
22003
22009
22014
22030
22073
22085
22090
22097
22110
22116
22131
22146
22151
22177
22183
22183
22190
22229
22244
22252
22253
22268
22281
22313
22336
22347
22357
22366
22394
22421
22448
22476
22483
22488
22520
22539
22541
22552
22562
22588
22588
22604
22634
22645
22663
22704
22713
22731
22735
22745
22750
22767
22779
22783
22787
22793
22794
22814
22833
22833
22837
22838
22849
22850
22851
22865
22887
22903
22905
22936
22942
22978
23040
23116
23117
23140
23153
23163
23185
23191
23220
23241
23266
23325
23337
23344
23368
23379
23406
23410
23424
23430
23445
23457
23458
23470
23478
23486
23506
23509
23554
23558
23573
23598
23621
23630
23685
23711
23738
23759
23762
23768
23797
23840
23882
23887
23890
23900
23904
23929
23951
23973
23992
23993
24012
24061
24062
24098
24099
24106
24107
24123
24130
24133
24143
24176
24188
24200
24263
24277
24281
24318
24327
24342
24366
24374
24384
24385
24395
24414
24446
24446
24480
24503
24552
24554
24589
24606
24613
24616
24621
24644
24646
24667
24685
24713
24717
24719
24773
24778
24783
24822
24853
24853
24861
24917
24920
24928
24944
24961
24999
25004
25037
25079
25098
25108
25120
25144
25146
25181
25184
25186
25187
25204
25219
25248
25251
25253
25281
25285
25286
25324
25351
25363
25376
25384
25430
25443
25465
25466
25591
25597
25641
25654
25668
25676
25682
25689
25690
25716
25716
25722
25732
25760
25781
25806
25843
25885
25912
25918
25945
25950
25955
25965
25965
26009
26011
26025
26028
26038
26040
26131
26148
26155
26165
26172
26176
26205
26220
26235
26254
26257
26266
26276
26281
26294
26308
26322
26324
26338
26346
26356
26363
26376
26384
26410
26414
26436
26448
26453
26462
26498
26528
26565
26566
26602
26618
26635
26656
26668
26681
26688
26694
26716
26752
26790
26791
26847
26879
26890
26892
26904
26911
26912
26932
26968
26977
26996
26997
27007
27015
27020
27029
27041
27052
27065
27072
27073
27087
27111
27118
27137
27156
27174
27184
27192
27198
27199
27205
27208
27216
27227
27228
27238
27261
27270
27282
27283
27283
27291
27320
27333
27353
27358
27376
27376
27377
27388
27404
27414
27490
27502
27549
27552
27556
27564
27576
27606
27624
27648
27649
27669
27681
27691
27702
27709
27721
27722
27729
27755
27757
27772
27774
27814
27833
27862
27867
27868
27887
27895
27896
27901
27947
27950
27954
27974
28014
28021
28035
28048
28054
28067
28067
28073
28078
28138
28139
28157
28171
28187
28221
28258
28274
28277
28279
28291
28296
28308
28312
28314
28318
28319
28328
28329
28379
28382
28404
28421
28427
28455
28472
28486
28490
28491
28492
28494
28511
28546
28570
28579
28599
28604
28614
28620
28640
28666
28679
28693
28707
28722
28739
28763
28770
28771
28791
28793
28825
28831
28862
28873
28886
28897
28900
28906
28914
28939
28997
29014
29018
29039
29118
29128
29149
29171
29175
29178
29239
29242
29251
29253
29264
29294
29296
29299
29300
29361
29402
29411
29458
29459
29478
29484
29513
29515
29534
29557
29571
29592
29599
29608
29610
29632
29635
29682
29700
29708
29727
29740
29759
29763
29770
29779
29829
29851
29856
29856
29881
29903
29906
29983
29995
29996
