3974
26448
22865
11637
13498
10149
1018
16510
18713
20932
9306
17985
2241
22421
3177
3657
19312
15295
12058
18299
25760
360
19266
13652
14882
13554
11527
1988
24480
1871
12010
28455
4671
11227
16444
18169
27729
17462
11031
22794
14747
20338
10780
16988
19111
20309
26997
8424
5604
9055
3075
7717
15768
28693
27721
7002
18600
15600
8991
13080
17471
27353
17887
28494
14932
4331
16663
12661
21794
4047
5456
12893
24385
22588
29881
19848
12897
26879
4624
24853
12286
7700
8922
4406
12745
6643
11409
1345
22244
26752
20778
16067
457
8665
14562
15389
19349
7577
4403
17495
11624
16211
388
12361
8799
6621
2210
28048
9852
13186
29253
28491
27238
8176
9249
9984
21171
20658
11329
13415
23762
2107
5835
571
17125
20397
15961
12826
27974
26716
6673
15951
12927
13413
28312
28078
20034
522
2478
6239
20061
1731
4730
17299
16259
20331
27283
7431
10990
14965
27198
11104
23424
3033
11676
16901
23430
3989
29727
27757
705
6400
13708
19984
26165
12020
24414
22552
18895
26892
28791
8956
4975
9873
2607
21235
204
6243
28666
17546
21208
2216
5003
14632
5250
16679
1534
5032
27020
7613
2789
4077
20366
22849
24061
16531
11222
18475
9083
6469
21719
14226
21777
26694
24099
24384
24281
656
627
29299
24554
28187
1516
29557
12820
6766
22588
20706
11798
19608
28319
20940
23685
25037
20141
24098
11569
1363
12573
20652
7832
10644
4879
5961
13691
5330
346
7972
12338
7325
13624
6893
5513
15140
6450
24685
28258
29039
21743
16408
24999
26414
7348
18685
21452
27490
12783
3021
5205
1709
25
19390
18705
11256
25351
2396
16587
2049
10369
5277
9375
23993
12170
21240
15485
18621
15925
13743
24012
7668
6503
19011
4082
13852
14048
1886
17694
3184
4907
29251
4893
4933
18641
23598
22541
20345
2347
15480
22394
12716
20758
8121
13061
2928
29361
4898
27901
21638
18641
21913
5658
25144
17277
16093
15348
1325
17979
9394
4509
22887
8646
15754
4172
3639
15705
3065
336
18052
18546
22731
7120
9304
7204
20181
18584
6566
25079
22838
4556
20072
21103
10215
21568
8380
26308
13269
16058
20639
22663
20567
19878
7661
12674
402
17653
28379
3468
17989
22783
22014
17072
29903
7670
24277
26436
26254
7195
27867
19092
11751
17939
16548
28318
15859
24928
978
29128
10986
21618
21792
7906
11496
5805
26932
11899
23458
1663
21719
11448
24446
13733
4872
701
27755
29149
27137
361
12696
25004
25806
800
19295
12354
29118
11506
7282
97
10635
24621
28067
8779
8879
9563
14584
5811
27814
8043
7474
25885
25843
8272
15970
715
8973
13725
6217
12462
14087
18913
13818
9893
19713
9465
28599
25184
20971
5881
25281
1606
6854
29700
10385
22085
15615
1322
27896
13430
15717
11722
15667
11560
26346
1638
18627
5319
15363
1196
24133
5802
20110
7951
15695
16175
17416
20646
11359
8388
26528
12992
16346
9734
12692
3084
1820
28308
4406
6068
18090
20123
24143
3757
8035
20489
5395
3014
2161
27111
4211
26294
2913
673
10598
24961
16848
28014
15607
4560
12754
18487
23904
5453
4574
6597
8537
12746
11257
19295
18814
5699
15770
19309
15808
157
9799
27556
3171
11960
24667
7382
14606
3932
14407
25204
5245
1256
29571
27205
12168
12325
15692
6072
24130
26618
19021
9019
9364
6630
28314
4531
12329
20436
23840
28138
20593
3639
2046
117
21951
3065
7499
6558
6997
21907
1762
18595
29515
7685
15800
11683
26363
7844
24107
20493
4463
13129
29513
13827
19759
4179
18358
8441
24616
12199
12931
21561
22190
14977
21678
20494
18042
5530
27052
1391
3789
5166
26338
9656
12852
12138
27691
9215
19983
21798
29708
24446
11279
5573
14625
1039
16105
9336
15832
17073
27887
28763
8634
20077
20092
6665
10571
14486
12195
13975
22229
22336
19142
18568
1992
8346
706
6035
17561
27041
27833
23621
21487
9113
5547
12465
16504
21652
21801
8688
8725
26040
7451
23711
16117
3895
376
3041
18381
18923
23368
10610
17611
18862
29178
25955
27208
6237
1990
21121
3278
6176
21095
1118
21641
2994
13583
14497
24646
11736
23185
9723
7776
636
9786
245
10883
16515
9638
29264
11790
3007
9874
29402
28221
15405
1709
25430
21642
3700
22903
24920
9876
20350
26038
7869
23344
15973
22366
24342
4061
15551
10417
11837
22539
20204
18435
3422
6719
28073
2686
24861
7432
18912
24263
5654
10669
2325
7436
2311
6025
339
3584
22253
20690
5974
122
20386
21948
22488
14729
26009
14391
25146
14199
6930
15350
2634
10352
28421
7059
19390
29635
20844
14654
250
26498
25324
2575
10286
3987
8600
10625
7571
7205
7667
19898
7327
28054
18198
6167
19135
14207
20558
14281
4758
3840
5984
13744
14192
10757
27156
3582
10392
18000
24589
10643
20850
19913
13218
1136
23900
28171
18113
7824
5376
25781
27722
19056
187
15920
1575
19322
6479
28486
9955
17590
2326
15939
1334
16519
3049
28490
26453
13441
16490
21042
436
7340
17307
20007
14828
17560
18178
2942
25384
29906
5075
29458
18962
5262
21730
26890
936
4561
25376
10891
22151
27702
3183
23486
20573
6232
28328
23379
26025
21171
20773
26462
28511
8081
16469
13340
25641
10999
22634
27377
10905
27709
3187
6220
9323
24917
9462
10259
29478
4838
27502
21630
8892
7037
21468
5818
19621
26148
5549
15647
17319
26322
18461
15831
10755
11282
5523
12748
22281
28157
10125
9538
2218
19664
22110
11541
14581
1572
21800
20412
6410
25654
18394
21655
2692
16214
3825
22313
12362
9374
14312
29682
5696
2773
15513
16452
20407
27388
5552
19040
1897
22030
28579
4115
11694
20689
15656
26276
28614
13808
23040
5024
15814
11434
3031
18506
27648
6856
17172
10010
16230
7836
9692
28279
16962
1557
21083
7369
5297
26635
26410
7194
18665
1341
17661
360
28382
9669
2988
26996
29829
26028
8373
15644
13814
11404
10502
11462
24613
4026
21472
10843
11863
7517
9122
28825
15426
6557
6194
20724
3193
8956
4270
21858
16649
21932
28570
15032
7953
7910
12028
7783
3938
20401
29779
17752
8158
10281
5566
2771
14308
3391
19966
2523
10908
5441
1348
2686
11998
13894
23410
15191
22851
27681
13402
9500
25965
18324
884
3918
26235
12913
18053
6525
9666
17832
630
24176
4466
6196
3299
18774
9587
23266
27649
26847
28707
28997
29534
17057
12891
29296
2249
12094
26977
22003
27947
22942
10327
28831
3213
6562
18096
21266
13088
4115
9099
13718
28291
13565
26266
7943
8691
12206
1209
6340
9053
6268
11689
14939
23325
932
14236
1926
13027
17565
23929
17326
16860
10609
16157
20073
17171
10606
11339
6611
21073
26790
26681
25716
16707
29300
3659
1750
11506
4868
14442
26911
17488
26131
18203
10814
3416
2439
19092
16443
26356
19374
10121
13216
29983
2630
9641
23506
13236
27333
6470
4309
24123
3151
26
17183
2451
3685
25285
13957
14906
9728
17221
8746
12211
5424
25912
15627
14215
15005
8422
10571
4379
18543
140
4362
21174
9781
27868
10762
7114
4338
21424
7590
13842
21450
24773
22645
1487
20058
12955
22745
6138
176
1492
18350
5600
27404
10329
19815
18761
18752
6738
23140
7295
6878
3854
4821
16660
8075
15584
126
12413
7008
7716
2607
4810
8841
25253
12649
28900
14560
5395
11390
14736
13239
29740
26688
16995
16422
16503
5757
5174
23241
28897
18821
6472
9104
29995
29484
17179
15579
29610
29592
28939
13679
8552
3749
22520
10157
22750
27772
24717
4497
9163
15805
17736
15255
12493
4732
1677
5348
16841
13203
4941
22090
8377
11413
1194
8372
17249
18373
23951
16860
24318
29242
539
2870
9343
29411
19379
2093
27184
20448
6591
6347
6253
24327
27954
25098
5411
29632
446
22252
19187
11739
20695
27564
23153
21889
5936
10402
10263
6239
3614
4581
5481
10505
13803
14824
9917
3182
16918
13453
23630
23509
19800
6235
24188
24106
1333
5952
23738
8131
4556
12926
19870
25251
16842
19375
17141
22779
6130
3756
29018
16096
8337
4500
26602
28492
25676
12871
8026
12594
26324
8008
12455
22476
14243
12996
16582
21928
18948
10321
6411
29856
29599
26281
25108
22793
22009
18601
15572
28139
22357
14591
14235
7046
25443
17189
5538
21119
60
13564
10066
26384
21572
28873
18860
12167
11869
5443
10447
7169
22116
16858
7026
28067
19491
8486
20860
11500
27087
6433
15991
19444
27376
6579
2842
29171
23768
8380
20290
181
28296
356
26565
26220
5582
21778
8387
17451
3573
25186
973
25689
12044
14351
108
1535
22837
27320
19388
19924
10105
5379
15720
7481
11958
18562
6652
5727
3294
3295
5908
7942
10003
8825
4162
15585
603
18901
9389
4176
14087
10362
6217
2483
24713
12677
4018
17550
9998
23406
13826
20103
5138
5898
3937
17096
812
16941
29175
10458
20236
11435
18400
240
20261
22562
22177
27216
11463
1566
7745
1902
11928
20314
4385
12993
2992
14755
6895
19342
8162
27073
9445
13300
2971
19734
6748
10135
6676
5924
20593
26912
17359
8993
3504
13972
7907
25682
17541
25722
3600
25286
27624
21881
15600
8361
4874
24944
23117
18122
14286
7631
15195
84
27283
18167
19818
4031
4654
2846
9955
25248
29759
3667
10593
9615
17639
24853
11649
5180
20575
15250
6818
24552
7131
28771
2913
18357
67
2382
6479
20706
10013
21675
20790
7296
16194
16960
17680
20848
19807
3987
22448
25918
7654
3042
5533
1646
27895
17183
13178
24822
8785
19997
19374
22268
25120
28640
16977
25187
1022
23457
15893
17388
21484
13035
1036
14030
29996
18716
4878
26155
22704
3679
22073
6710
13073
27606
8356
10968
21141
21535
12142
6278
17884
1517
28546
19356
6509
15524
20895
13883
15333
6789
1271
13169
26176
8660
27199
26172
27376
8429
28679
20080
12108
20752
26791
25181
18359
11499
12501
15852
9386
24644
22131
3622
2513
27029
22978
9022
18905
13874
22905
4238
27015
529
23759
23191
9189
20958
25716
12917
5740
24395
9350
24200
15148
12493
19382
9859
23992
8235
2063
3379
9231
546
7001
11744
27576
6332
27118
22833
20206
26376
27072
23573
3257
20831
23116
12446
18142
18832
25363
23882
19580
11065
18082
11080
23558
13816
27291
17551
28404
5706
27282
7635
6253
10635
25732
10181
16967
22850
3014
13525
19226
6438
13450
22483
27270
6567
11281
21764
1751
12997
21998
21331
24062
16432
8763
23973
6601
6054
11524
5005
11761
15158
18992
24366
2145
14724
4547
25465
7575
7561
8990
3153
14000
28793
1989
17622
5360
19622
15738
7111
8971
7736
4795
3034
520
19910
27007
7121
25965
14883
12126
14078
6393
1119
8444
8538
15843
19343
4003
29770
26904
19346
9276
17256
18139
17617
11230
29851
7239
26968
13314
16211
11056
18109
25597
11577
14372
22604
18698
10337
13839
7177
767
20232
8296
15563
28770
491
4906
9126
6614
8162
28472
15890
1771
16611
3507
13001
22814
17098
16322
6128
3309
3730
590
28906
21659
14962
27862
16710
1651
18053
23887
2418
8285
8535
17981
13408
15378
29239
28886
21992
7401
27358
14234
15524
20321
17741
4878
13135
11192
27552
19263
14501
1282
26205
19760
29294
11167
17622
16004
12818
5676
9891
21588
20313
24778
15921
10073
10156
15160
8959
8501
28914
12669
22735
14438
2990
16829
25668
16125
28021
23220
11741
18874
24503
7946
8634
23797
25466
26257
16153
8284
8285
2396
6225
4950
27174
22146
15024
13682
13659
335
22183
18925
13005
21271
9715
22347
8100
5384
8473
12473
28604
26566
1347
29459
10864
9982
29608
6330
12591
15761
20967
27228
18157
27192
2178
15331
25690
23554
29014
9349
23890
27549
28274
13247
18820
7990
5594
3272
13374
20419
22097
18330
23337
23445
17790
4202
9779
17398
16884
28722
9512
7851
25950
27669
11395
4480
19353
7086
28035
24719
22787
28277
28620
27414
11524
17441
11756
23470
27065
1482
20242
19163
19812
13579
18960
13954
17781
28739
7705
4666
3813
17217
18869
29763
21238
265
4243
10591
13703
8630
11662
6490
6907
10283
3904
24783
4076
15660
24606
7493
17142
14848
26656
13307
28427
21968
27261
16209
20707
4966
27227
872
22183
16096
635
19774
22713
11231
6717
6416
19861
18380
19259
3121
5015
23163
4256
15443
15176
28862
22936
8670
13710
25945
28329
12138
17913
25591
4699
14973
6909
8278
15845
5445
24374
22833
25219
17088
10416
1936
29856
6629
26668
19115
9750
8035
18631
20359
23478
3807
19221
22767
18829
9284
18712
17159
27774
12977
19102
2473
27950
26011
10751
